104
0 p 19.942 16.269 0.0 0.0 175.0 235.0 0.0
1 p 13.131 45.499 0.0 7.0 522.0 582.0 38.376
2 p 41.105 42.288 0.0 15.0 256.0 316.0 4.313
3 p 29.622 23.653 0.0 5.0 529.0 589.0 26.392
4 p 20.387 33.75 0.0 11.0 469.0 529.0 0.743
5 p 8.195 24.765 0.0 5.0 436.0 496.0 4.028
6 p 39.947 22.762 0.0 7.0 517.0 577.0 20.415
7 p 32.184 39.039 0.0 0.0 414.0 474.0 0.0
8 p 46.07 49.15 0.0 11.0 28.0 88.0 30.047
9 p 15.395 23.92 0.0 11.0 96.0 156.0 40.361
10 p 38.336 13.008 0.0 0.0 169.0 229.0 0.0
11 p 49.706 28.635 0.0 12.0 54.0 114.0 35.042
12 p 17.748 22.292 0.0 15.0 423.0 483.0 5.912
13 p 42.549 29.924 0.0 0.0 112.0 172.0 0.0
14 p 44.178 9.661 0.0 0.0 511.0 571.0 0.0
15 p 26.591 36.243 0.0 13.0 36.0 96.0 7.594
16 p 3.855 9.895 0.0 5.0 24.0 84.0 35.485
17 p 37.401 26.569 0.0 10.0 293.0 353.0 15.097
18 p 45.989 20.442 0.0 6.0 402.0 462.0 28.971
19 p 35.511 15.228 0.0 11.0 496.0 556.0 20.971
20 p 39.026 12.034 0.0 13.0 477.0 537.0 46.595
21 p 28.364 23.084 0.0 10.0 299.0 359.0 22.679
22 p 40.399 46.524 0.0 10.0 267.0 327.0 58.398
23 p 42.439 43.835 0.0 14.0 61.0 121.0 22.09
24 p 48.019 11.272 0.0 9.0 410.0 470.0 19.3
25 p 7.711 35.675 0.0 13.0 300.0 360.0 10.158
26 p 12.451 19.724 0.0 0.0 538.0 598.0 0.0
27 p 11.466 10.009 0.0 8.0 378.0 438.0 63.604
28 p 31.894 3.068 0.0 9.0 549.0 609.0 30.318
29 p 31.193 29.453 0.0 11.0 64.0 124.0 8.557
30 p 27.643 20.718 0.0 4.0 130.0 190.0 25.385
31 p 39.09 29.91 0.0 6.0 422.0 482.0 73.626
32 p 4.979 34.382 0.0 10.0 562.0 622.0 13.118
33 p 48.532 5.628 0.0 11.0 283.0 343.0 33.581
34 p 0.104 43.096 0.0 4.0 279.0 339.0 30.734
35 p 35.129 12.788 0.0 14.0 251.0 311.0 5.971
36 p 16.979 42.131 0.0 16.0 562.0 622.0 14.697
37 p 33.836 16.463 0.0 8.0 480.0 540.0 37.216
38 p 17.004 0.135 0.0 6.0 388.0 448.0 24.892
39 p 47.985 48.353 0.0 12.0 62.0 122.0 33.4
40 p 15.167 40.338 0.0 0.0 446.0 506.0 0.0
41 p 49.188 25.691 0.0 4.0 239.0 299.0 123.165
42 p 39.884 22.741 0.0 4.0 451.0 511.0 48.697
43 p 48.7 3.276 0.0 14.0 211.0 271.0 24.767
44 p 32.483 35.647 0.0 9.0 371.0 431.0 7.592
45 p 36.36 12.366 0.0 9.0 572.0 632.0 17.978
46 p 15.168 2.888 0.0 7.0 39.0 99.0 39.964
47 p 12.586 38.003 0.0 6.0 481.0 541.0 10.457
48 p 24.069 10.394 0.0 5.0 31.0 91.0 65.12
49 p 46.755 43.039 0.0 9.0 287.0 347.0 22.402
50 p 31.868 21.476 0.0 5.0 445.0 505.0 109.568
51 p 10.346 39.924 0.0 9.0 184.0 244.0 59.063
52 d 35.573 46.733 0.0 0.0 209.0 269.0 0.0
53 d 36.158 11.897 0.0 -7.0 562.0 622.0 0.0
54 d 43.76 46.624 0.0 -15.0 261.0 321.0 0.0
55 d 13.387 36.048 0.0 -5.0 549.0 609.0 0.0
56 d 21.442 34.131 0.0 -11.0 470.0 530.0 0.0
57 d 4.515 24.464 0.0 -5.0 439.0 499.0 0.0
58 d 14.379 35.446 0.0 -7.0 545.0 605.0 0.0
59 d 17.381 24.472 0.0 0.0 434.0 494.0 0.0
60 d 43.627 19.724 0.0 -11.0 57.0 117.0 0.0
61 d 0.062 49.145 0.0 -11.0 125.0 185.0 0.0
62 d 42.389 13.101 0.0 0.0 173.0 233.0 0.0
63 d 6.799 22.468 0.0 -12.0 97.0 157.0 0.0
64 d 24.429 6.787 0.0 -15.0 439.0 499.0 0.0
65 d 44.972 41.699 0.0 0.0 124.0 184.0 0.0
66 d 30.09 18.098 0.0 0.0 527.0 587.0 0.0
67 d 17.571 39.599 0.0 -13.0 45.0 105.0 0.0
68 d 30.378 32.49 0.0 -5.0 58.0 118.0 0.0
69 d 20.594 9.692 0.0 -10.0 316.0 376.0 0.0
70 d 19.93 25.913 0.0 -6.0 428.0 488.0 0.0
71 d 5.808 45.172 0.0 -11.0 538.0 598.0 0.0
72 d 0.497 25.269 0.0 -13.0 517.0 577.0 0.0
73 d 43.952 38.259 0.0 -10.0 320.0 380.0 0.0
74 d 13.843 16.968 0.0 -10.0 306.0 366.0 0.0
75 d 19.524 12.881 0.0 -14.0 99.0 159.0 0.0
76 d 30.948 13.248 0.0 -9.0 427.0 487.0 0.0
77 d 15.145 19.745 0.0 -13.0 317.0 377.0 0.0
78 d 18.778 35.536 0.0 0.0 555.0 615.0 0.0
79 d 47.436 7.99 0.0 -8.0 414.0 474.0 0.0
80 d 6.843 25.729 0.0 -9.0 582.0 642.0 0.0
81 d 17.743 42.465 0.0 -11.0 82.0 142.0 0.0
82 d 38.701 13.318 0.0 -4.0 143.0 203.0 0.0
83 d 20.898 8.813 0.0 -6.0 449.0 509.0 0.0
84 d 17.899 14.988 0.0 -10.0 585.0 645.0 0.0
85 d 7.783 1.6 0.0 -11.0 323.0 383.0 0.0
86 d 14.706 29.557 0.0 -4.0 298.0 358.0 0.0
87 d 34.814 5.847 0.0 -14.0 257.0 317.0 0.0
88 d 37.222 46.889 0.0 -16.0 582.0 642.0 0.0
89 d 1.014 18.218 0.0 -8.0 512.0 572.0 0.0
90 d 14.534 22.632 0.0 -6.0 410.0 470.0 0.0
91 d 16.238 41.08 0.0 -12.0 94.0 154.0 0.0
92 d 30.924 27.954 0.0 0.0 466.0 526.0 0.0
93 d 3.751 41.32 0.0 -4.0 287.0 347.0 0.0
94 d 34.475 6.348 0.0 -4.0 468.0 528.0 0.0
95 d 19.697 48.835 0.0 -14.0 265.0 325.0 0.0
96 d 40.315 30.836 0.0 -9.0 380.0 440.0 0.0
97 d 46.562 26.698 0.0 -9.0 589.0 649.0 0.0
98 d 23.704 40.859 0.0 -7.0 77.0 137.0 0.0
99 d 4.908 35.326 0.0 -6.0 489.0 549.0 0.0
100 d 9.956 27.345 0.0 -5.0 53.0 113.0 0.0
101 d 41.274 32.402 0.0 -9.0 298.0 358.0 0.0
102 d 3.048 45.609 0.0 -5.0 482.0 542.0 0.0
103 d 47.545 16.337 0.0 -9.0 228.0 288.0 0.0
