Pedidos
1  19.942  16.269  0.0  7.0  175.0  235.0  62.025
2  13.131  45.499  0.0  8.0  522.0  582.0  26.141
3  41.105  42.288  0.0  11.0  256.0  316.0  2.655
4  29.622  23.653  0.0  5.0  529.0  589.0  34.392
5  20.387  33.75  0.0  10.0  469.0  529.0  1.779
6  8.195  24.765  0.0  5.0  436.0  496.0  7.074
7  39.947  22.762  0.0  10.0  517.0  577.0  28.447
8  32.184  39.039  0.0  8.0  414.0  474.0  33.463
9  46.07  49.15  0.0  8.0  28.0  88.0  46.736
10  15.395  23.92  0.0  12.0  96.0  156.0  21.933
11  38.336  13.008  0.0  0  169.0  229.0  0
12  49.706  28.635  0.0  10.0  54.0  114.0  56.531
13  17.748  22.292  0.0  15.0  423.0  483.0  5.938
14  42.549  29.924  0.0  7.0  112.0  172.0  10.035
15  44.178  9.661  0.0  11.0  511.0  571.0  11.69
16  26.591  36.243  0.0  13.0  36.0  96.0  10.866
17  3.855  9.895  0.0  3.0  24.0  84.0  66.315
18  37.401  26.569  0.0  11.0  293.0  353.0  15.78
19  45.989  20.442  0.0  7.0  402.0  462.0  19.543
20  35.511  15.228  0.0  10.0  496.0  556.0  45.812
21  39.026  12.034  0.0  9.0  477.0  537.0  28.266
22  28.364  23.084  0.0  10.0  299.0  359.0  13.856
23  40.399  46.524  0.0  0  267.0  327.0  0
24  42.439  43.835  0.0  15.0  61.0  121.0  36.67
25  48.019  11.272  0.0  10.0  410.0  470.0  9.853
26  7.711  35.675  0.0  9.0  300.0  360.0  16.611
27  12.451  19.724  0.0  0  538.0  598.0  0
28  11.466  10.009  0.0  8.0  378.0  438.0  35.748
29  31.894  3.068  0.0  8.0  549.0  609.0  21.94
30  31.193  29.453  0.0  10.0  64.0  124.0  16.967
31  27.643  20.718  0.0  0  130.0  190.0  0
32  39.09  29.91  0.0  5.0  422.0  482.0  29.933
33  4.979  34.382  0.0  10.0  562.0  622.0  39.646
34  48.532  5.628  0.0  12.0  283.0  343.0  34.884
35  0.104  43.096  0.0  6.0  279.0  339.0  21.135
36  35.129  12.788  0.0  15.0  251.0  311.0  3.096
37  16.979  42.131  0.0  0  562.0  622.0  0
38  33.836  16.463  0.0  0  480.0  540.0  0
39  17.004  0.135  0.0  8.0  388.0  448.0  18.897
40  47.985  48.353  0.0  15.0  62.0  122.0  22.718
41  15.167  40.338  0.0  11.0  446.0  506.0  9.705
42  49.188  25.691  0.0  4.0  239.0  299.0  67.192
43  39.884  22.741  0.0  4.0  451.0  511.0  41.436
44  48.7  3.276  0.0  14.0  211.0  271.0  75.728
45  32.483  35.647  0.0  11.0  371.0  431.0  6.24
46  36.36  12.366  0.0  7.0  572.0  632.0  21.359
47  15.168  2.888  0.0  8.0  39.0  99.0  83.229
48  12.586  38.003  0.0  5.0  481.0  541.0  17.001
49  24.069  10.394  0.0  6.0  31.0  91.0  31.371
50  46.755  43.039  0.0  0  287.0  347.0  0
51  13.844  20.995  0.0  0  539.0  599.0  0
52  25.348  19.215  0.0  0  392.0  452.0  0
53  31.764  39.147  0.0  10.0  4.0  64.0  18.362
54  10.465  10.359  0.0  13.0  225.0  285.0  4.767
55  23.583  10.424  0.0  7.0  380.0  440.0  38.364
56  41.055  41.004  0.0  7.0  298.0  358.0  26.697
57  7.562  26.507  0.0  7.0  202.0  262.0  49.633
58  11.016  21.483  0.0  8.0  118.0  178.0  25.301
59  0.567  23.767  0.0  11.0  163.0  223.0  23.157
60  30.076  1.565  0.0  13.0  237.0  297.0  37.235
61  23.034  4.766  0.0  15.0  171.0  231.0  4.626
62  40.209  49.579  0.0  8.0  146.0  206.0  21.433
63  34.419  7.978  0.0  14.0  272.0  332.0  1.942
64  16.493  48.14  0.0  14.0  513.0  573.0  20.392
65  4.548  14.068  0.0  0  5.0  65.0  0
66  19.78  41.585  0  12.0  8.0  68.0  25.187
67  22.027  3.102  0  6.0  429.0  489.0  26.603
68  42.538  28.212  0  14.0  302.0  362.0  2.039
69  16.653  40.874  0  12.0  92.0  152.0  7.724
70  21.318  35.204  0  6.0  84.0  144.0  27.787
71  0.084  38.482  0  6.0  279.0  339.0  74.772
72  27.251  28.867  0  10.0  497.0  557.0  15.934
73  41.292  30.225  0  8.0  539.0  599.0  4.772
74  36.832  17.829  0  9.0  442.0  502.0  11.15
75  11.211  22.421  0  9.0  467.0  527.0  15.031
76  10.889  48.908  0  5.0  203.0  263.0  42.004
77  35.573  46.733  0.0  -7.0  209.0  269.0  0
78  36.158  11.897  0.0  -8.0  562.0  622.0  0
79  43.76  46.624  0.0  -11.0  261.0  321.0  0
80  13.387  36.048  0.0  -5.0  549.0  609.0  0
81  21.442  34.131  0.0  -10.0  470.0  530.0  0
82  4.515  24.464  0.0  -5.0  439.0  499.0  0
83  14.379  35.446  0.0  -10  545.0  605.0  0
84  17.381  24.472  0.0  -8.0  434.0  494.0  0
85  43.627  19.724  0.0  -8.0  57.0  117.0  0
86  0.062  49.145  0.0  -12  125.0  185.0  0
87  42.389  13.101  0.0  0  173.0  233.0  0
88  6.799  22.468  0.0  -10.0  97.0  157.0  0
89  24.429  6.787  0.0  -15  439.0  499.0  0
90  44.972  41.699  0.0  -7.0  124.0  184.0  0
91  30.09  18.098  0.0  -11  527.0  587.0  0
92  17.571  39.599  0.0  -13.0  45.0  105.0  0
93  30.378  32.49  0.0  -3.0  58.0  118.0  0
94  20.594  9.692  0.0  -11.0  316.0  376.0  0
95  19.93  25.913  0.0  -7.0  428.0  488.0  0
96  5.808  45.172  0.0  -10  538.0  598.0  0
97  0.497  25.269  0.0  -9.0  517.0  577.0  0
98  43.952  38.259  0.0  -10  320.0  380.0  0
99  13.843  16.968  0.0  0  306.0  366.0  0
00  19.524  12.881  0.0  -15.0  99.0  159.0  0
01  30.948  13.248  0.0  -10  427.0  487.0  0
02  15.145  19.745  0.0  -9.0  317.0  377.0  0
03  18.778  35.536  0.0  0  555.0  615.0  0
04  47.436  7.99  0.0  -8.0  414.0  474.0  0
05  6.843  25.729  0.0  -8.0  582.0  642.0  0
06  17.743  42.465  0.0  -10.0  82.0  142.0  0
07  38.701  13.318  0.0  0  143.0  203.0  0
08  20.898  8.813  0.0  -5.0  449.0  509.0  0
09  17.899  14.988  0.0  -10  585.0  645.0  0
10  7.783  1.6  0.0  -12  323.0  383.0  0
11  14.706  29.557  0.0  -6.0  298.0  358.0  0
12  34.814  5.847  0.0  -15  257.0  317.0  0
13  37.222  46.889  0.0  0  582.0  642.0  0
14  1.014  18.218  0.0  0  512.0  572.0  0
15  14.534  22.632  0.0  -8.0  410.0  470.0  0
16  16.238  41.08  0.0  -15  94.0  154.0  0
17  30.924  27.954  0.0  -11.0  466.0  526.0  0
18  3.751  41.32  0.0  -4.0  287.0  347.0  0
19  34.475  6.348  0.0  -4.0  468.0  528.0  0
20  19.697  48.835  0.0  -14.0  265.0  325.0  0
21  40.315  30.836  0.0  -11  380.0  440.0  0
22  46.562  26.698  0.0  -7.0  589.0  649.0  0
23  23.704  40.859  0.0  -8.0  77.0  137.0  0
24  4.908  35.326  0.0  -5.0  489.0  549.0  0
25  9.956  27.345  0.0  -6.0  53.0  113.0  0
26  41.274  32.402  0.0  0  298.0  358.0  0
27  8.47  26.21  0.0  0  546.0  606.0  0
28  0.336  28.236  0.0  0  418.0  478.0  0
29  3.781  19.768  0.0  -10.0  38.0  98.0  0
30  13.176  20.859  0.0  -13  235.0  295.0  0
31  37.276  16.622  0.0  -7.0  395.0  455.0  0
32  33.522  12.051  0.0  -7.0  327.0  387.0  0
33  35.081  26.777  0.0  -7.0  229.0  289.0  0
34  45.081  0.164  0.0  -8.0  158.0  218.0  0
35  25.314  10.926  0.0  -11.0  190.0  250.0  0
36  19.756  40.5  0.0  -13  277.0  337.0  0
37  27.432  14.038  0.0  -15.0  181.0  241.0  0
38  47.045  16.717  0.0  -8.0  179.0  239.0  0
39  34.838  5.902  0.0  -14.0  274.0  334.0  0
40  35.569  40.26  0.0  -14.0  533.0  593.0  0
41  26.571  6.113  0.0  0  28.0  88.0  0
42  36.582  4.484  0  -12.0  48.0  108.0  0
43  16.606  17.601  0  -6.0  444.0  504.0  0
44  39.2  23.877  0  -14.0  307.0  367.0  0
45  30.163  41.314  0  -12.0  105.0  165.0  0
46  34.27  29.632  0  -6.0  98.0  158.0  0
47  35.891  24.842  0  -6.0  317.0  377.0  0
48  45.285  49.357  0  -10.0  524.0  584.0  0
49  45.63  27.582  0  -8.0  544.0  604.0  0
50  36.557  26.04  0  -9.0  450.0  510.0  0
51  22.53  37.12  0  -9.0  485.0  545.0  0
52  7.217  9.922  0  -5.0  242.0  302.0  0
