Avion: 7      Iteracion: 78

Num Ruta: 51
Ingresos: 1089.482
Costos: 199.227135177
Utilidad Ruta: 890.254864823
Costo Reducido: 5.92275154396
Nodos: [107, 14, 49, 3, 38, 23, 35, 70, 34, 58, 22, 69, 57, 717]
q: [0.0, 0.0, 0.0, 0.0, 0.0, 7.0, 8.0, -8.0, 8.0, -7.0, 7.0, -8.0, -7.0, 0.0]
Q: [0.0, 0.0, 0.0, 0.0, 0.0, 7.0, 15.0, 7.0, 15.0, 8.0, 15.0, 7.0, 0.0, 0.0]
B: [0.0, 112.0, 124.021711775, 256.0, 261.08428175852, 267.0, 277.4634044651, 289.38614345409997, 322.0, 336.2589470158, 352.0153710073, 366.5845376616, 377.17478798909997, 379.14157674237]
