Pedidos
1  19.942  16.269  0.0  6.0  175.0  235.0  57.781
2  13.131  45.499  0.0  9.0  522.0  582.0  42.212
3  41.105  42.288  0.0  15.0  256.0  316.0  2.238
4  29.622  23.653  0.0  4.0  529.0  589.0  41.4
5  20.387  33.75  0.0  12.0  469.0  529.0  0.56
6  8.195  24.765  0.0  0  436.0  496.0  0
7  39.947  22.762  0.0  10.0  517.0  577.0  17.258
8  32.184  39.039  0.0  0  414.0  474.0  0
9  46.07  49.15  0.0  8.0  28.0  88.0  19.959
10  15.395  23.92  0.0  14.0  96.0  156.0  24.06
11  38.336  13.008  0.0  9.0  169.0  229.0  2.351
12  49.706  28.635  0.0  14.0  54.0  114.0  18.246
13  17.748  22.292  0.0  17.0  423.0  483.0  15.279
14  42.549  29.924  0.0  8.0  112.0  172.0  9.8
15  44.178  9.661  0.0  11.0  511.0  571.0  11.889
16  26.591  36.243  0.0  7.0  36.0  96.0  22.63
17  3.855  9.895  0.0  5.0  24.0  84.0  87.608
18  37.401  26.569  0.0  12.0  293.0  353.0  21.92
19  45.989  20.442  0.0  6.0  402.0  462.0  88.682
20  35.511  15.228  0.0  10.0  496.0  556.0  39.442
21  39.026  12.034  0.0  13.0  477.0  537.0  30.845
22  28.364  23.084  0.0  10.0  299.0  359.0  12.823
23  40.399  46.524  0.0  9.0  267.0  327.0  26.003
24  42.439  43.835  0.0  0  61.0  121.0  0
25  48.019  11.272  0.0  0  410.0  470.0  0
26  7.711  35.675  0.0  13.0  300.0  360.0  10.284
27  12.451  19.724  0.0  6.0  538.0  598.0  16.982
28  11.466  10.009  0.0  7.0  378.0  438.0  36.255
29  31.894  3.068  0.0  8.0  549.0  609.0  22.106
30  31.193  29.453  0.0  12.0  64.0  124.0  16.804
31  27.643  20.718  0.0  6.0  130.0  190.0  30.766
32  39.09  29.91  0.0  6.0  422.0  482.0  61.409
33  4.979  34.382  0.0  8.0  562.0  622.0  16.155
34  48.532  5.628  0.0  0  283.0  343.0  0
35  0.104  43.096  0.0  5.0  279.0  339.0  69.756
36  35.129  12.788  0.0  15.0  251.0  311.0  8.872
37  16.979  42.131  0.0  12.0  562.0  622.0  9.725
38  33.836  16.463  0.0  8.0  480.0  540.0  35.75
39  17.004  0.135  0.0  8.0  388.0  448.0  17.866
40  47.985  48.353  0.0  12.0  62.0  122.0  15.524
41  15.167  40.338  0.0  13.0  446.0  506.0  13.362
42  49.188  25.691  0.0  0  239.0  299.0  0
43  39.884  22.741  0.0  5.0  451.0  511.0  27.706
44  48.7  3.276  0.0  14.0  211.0  271.0  64.555
45  32.483  35.647  0.0  11.0  371.0  431.0  8.684
46  36.36  12.366  0.0  11.0  572.0  632.0  18.472
47  15.168  2.888  0.0  6.0  39.0  99.0  73.597
48  12.586  38.003  0.0  7.0  481.0  541.0  6.55
49  24.069  10.394  0.0  5.0  31.0  91.0  25.24
50  46.755  43.039  0.0  7.0  287.0  347.0  10.587
51  13.844  20.995  0.0  12.0  539.0  599.0  3.352
52  25.348  19.215  0.0  12.0  392.0  452.0  13.292
53  31.764  39.147  0.0  15.0  4.0  64.0  15.904
54  10.465  10.359  0.0  13.0  225.0  285.0  8.404
55  23.583  10.424  0.0  9.0  380.0  440.0  18.469
56  41.055  41.004  0.0  6.0  298.0  358.0  26.199
57  7.562  26.507  0.0  7.0  202.0  262.0  28.971
58  11.016  21.483  0.0  0  118.0  178.0  0
59  0.567  23.767  0.0  12.0  163.0  223.0  18.039
60  30.076  1.565  0.0  0  237.0  297.0  0
61  49.763  0.884  0  13.0  484.0  544.0  38.065
62  36.104  5.746  0  13.0  273.0  333.0  5.385
63  41.637  22.798  0  7.0  235.0  295.0  50.962
64  38.828  8.756  0  13.0  110.0  170.0  9.502
65  38.535  0.746  0  14.0  176.0  236.0  14.534
66  25.032  28.508  0  7.0  26.0  86.0  26.475
67  13.486  14.392  0  7.0  291.0  351.0  101.968
68  9.668  45.241  0  6.0  92.0  152.0  34.957
69  22.08  45.204  0  7.0  252.0  312.0  16.483
70  35.573  46.733  0.0  -6.0  209.0  269.0  0
71  36.158  11.897  0.0  -9.0  562.0  622.0  0
72  43.76  46.624  0.0  -15.0  261.0  321.0  0
73  13.387  36.048  0.0  -4.0  549.0  609.0  0
74  21.442  34.131  0.0  -12.0  470.0  530.0  0
75  4.515  24.464  0.0  0  439.0  499.0  0
76  14.379  35.446  0.0  -10  545.0  605.0  0
77  17.381  24.472  0.0  0  434.0  494.0  0
78  43.627  19.724  0.0  -8.0  57.0  117.0  0
79  0.062  49.145  0.0  -14.0  125.0  185.0  0
80  42.389  13.101  0.0  -9.0  173.0  233.0  0
81  6.799  22.468  0.0  -14  97.0  157.0  0
82  24.429  6.787  0.0  -17.0  439.0  499.0  0
83  44.972  41.699  0.0  -8.0  124.0  184.0  0
84  30.09  18.098  0.0  -11  527.0  587.0  0
85  17.571  39.599  0.0  -7.0  45.0  105.0  0
86  30.378  32.49  0.0  -5.0  58.0  118.0  0
87  20.594  9.692  0.0  -12.0  316.0  376.0  0
88  19.93  25.913  0.0  -6.0  428.0  488.0  0
89  5.808  45.172  0.0  -10  538.0  598.0  0
90  0.497  25.269  0.0  -13  517.0  577.0  0
91  43.952  38.259  0.0  -10  320.0  380.0  0
92  13.843  16.968  0.0  -9.0  306.0  366.0  0
93  19.524  12.881  0.0  0  99.0  159.0  0
94  30.948  13.248  0.0  0  427.0  487.0  0
95  15.145  19.745  0.0  -13.0  317.0  377.0  0
96  18.778  35.536  0.0  -6.0  555.0  615.0  0
97  47.436  7.99  0.0  -7.0  414.0  474.0  0
98  6.843  25.729  0.0  -8.0  582.0  642.0  0
99  17.743  42.465  0.0  -12.0  82.0  142.0  0
00  38.701  13.318  0.0  -6.0  143.0  203.0  0
01  20.898  8.813  0.0  -6.0  449.0  509.0  0
02  17.899  14.988  0.0  -8.0  585.0  645.0  0
03  7.783  1.6  0.0  0  323.0  383.0  0
04  14.706  29.557  0.0  -5.0  298.0  358.0  0
05  34.814  5.847  0.0  -15.0  257.0  317.0  0
06  37.222  46.889  0.0  -12.0  582.0  642.0  0
07  1.014  18.218  0.0  -8.0  512.0  572.0  0
08  14.534  22.632  0.0  -8.0  410.0  470.0  0
09  16.238  41.08  0.0  -12.0  94.0  154.0  0
10  30.924  27.954  0.0  -13.0  466.0  526.0  0
11  3.751  41.32  0.0  0  287.0  347.0  0
12  34.475  6.348  0.0  -5.0  468.0  528.0  0
13  19.697  48.835  0.0  -14  265.0  325.0  0
14  40.315  30.836  0.0  -11.0  380.0  440.0  0
15  46.562  26.698  0.0  -11.0  589.0  649.0  0
16  23.704  40.859  0.0  -6.0  77.0  137.0  0
17  4.908  35.326  0.0  -7.0  489.0  549.0  0
18  9.956  27.345  0.0  -5.0  53.0  113.0  0
19  41.274  32.402  0.0  -7.0  298.0  358.0  0
20  8.47  26.21  0.0  -12  546.0  606.0  0
21  0.336  28.236  0.0  -12.0  418.0  478.0  0
22  3.781  19.768  0.0  -15.0  38.0  98.0  0
23  13.176  20.859  0.0  -13.0  235.0  295.0  0
24  37.276  16.622  0.0  -9.0  395.0  455.0  0
25  33.522  12.051  0.0  -6.0  327.0  387.0  0
26  35.081  26.777  0.0  -7.0  229.0  289.0  0
27  45.081  0.164  0.0  0  158.0  218.0  0
28  25.314  10.926  0.0  -12.0  190.0  250.0  0
29  19.756  40.5  0.0  0  277.0  337.0  0
30  11.275  14.165  0  -13.0  524.0  584.0  0
31  27.768  9.611  0  -13.0  282.0  342.0  0
32  14.864  33.851  0  -7.0  263.0  323.0  0
33  49.529  30.234  0  -13.0  133.0  193.0  0
34  16.973  23.493  0  -14.0  207.0  267.0  0
35  45.237  42.234  0  -7.0  50.0  110.0  0
36  46.072  42.702  0  -7.0  334.0  394.0  0
37  0.72  28.027  0  -6.0  111.0  171.0  0
38  43.078  42.294  0  -7.0  273.0  333.0  0
