70
0 s 19.942 16.269 0.0 6.0 175.0 235.0 32.961
1 s 13.131 45.499 0.0 9.0 522.0 582.0 66.253
2 s 41.105 42.288 0.0 12.0 256.0 316.0 2.251
3 s 29.622 23.653 0.0 4.0 529.0 589.0 60.435
4 s 20.387 33.75 0.0 8.0 469.0 529.0 1.054
5 s 8.195 24.765 0.0 4.0 436.0 496.0 6.721
6 s 39.947 22.762 0.0 9.0 517.0 577.0 24.925
7 s 32.184 39.039 0.0 8.0 414.0 474.0 13.972
8 s 46.07 49.15 0.0 7.0 28.0 88.0 29.631
9 s 15.395 23.92 0.0 8.0 96.0 156.0 22.031
10 s 38.336 13.008 0.0 8.0 169.0 229.0 2.537
11 s 49.706 28.635 0.0 11.0 54.0 114.0 23.83
12 s 17.748 22.292 0.0 17.0 423.0 483.0 10.568
13 s 42.549 29.924 0.0 6.0 112.0 172.0 10.974
14 s 44.178 9.661 0.0 11.0 511.0 571.0 12.101
15 s 26.591 36.243 0.0 11.0 36.0 96.0 8.495
16 s 3.855 9.895 0.0 5.0 24.0 84.0 57.589
17 s 37.401 26.569 0.0 11.0 293.0 353.0 17.298
18 s 45.989 20.442 0.0 5.0 402.0 462.0 37.619
19 s 35.511 15.228 0.0 10.0 496.0 556.0 34.629
20 s 39.026 12.034 0.0 13.0 477.0 537.0 37.878
21 s 28.364 23.084 0.0 0.0 299.0 359.0 0.0
22 s 40.399 46.524 0.0 10.0 267.0 327.0 25.495
23 s 42.439 43.835 0.0 15.0 61.0 121.0 20.321
24 s 48.019 11.272 0.0 7.0 410.0 470.0 39.464
25 s 7.711 35.675 0.0 0.0 300.0 360.0 0.0
26 s 12.451 19.724 0.0 6.0 538.0 598.0 16.046
27 s 11.466 10.009 0.0 6.0 378.0 438.0 71.973
28 s 31.894 3.068 0.0 9.0 549.0 609.0 43.762
29 s 31.193 29.453 0.0 11.0 64.0 124.0 8.765
30 s 27.643 20.718 0.0 5.0 130.0 190.0 19.218
31 s 39.09 29.91 0.0 6.0 422.0 482.0 26.658
32 s 4.979 34.382 0.0 9.0 562.0 622.0 13.766
33 s 48.532 5.628 0.0 11.0 283.0 343.0 74.223
34 s 0.104 43.096 0.0 6.0 279.0 339.0 21.445
35 s 44.175 26.364 0.0 9.0 550.0 610.0 17.367
36 s 3.723 13.896 0.0 8.0 478.0 538.0 27.799
37 s 0.773 16.19 0.0 5.0 251.0 311.0 36.168
38 s 4.983 17.085 0.0 5.0 297.0 357.0 61.314
39 s 20.973 18.952 0.0 6.0 285.0 345.0 80.491
40 s 45.402 32.35 0.0 12.0 556.0 616.0 18.753
41 e 35.573 46.733 0.0 -6.0 209.0 269.0 0.0
42 e 36.158 11.897 0.0 -9.0 562.0 622.0 0.0
43 e 43.76 46.624 0.0 -12.0 261.0 321.0 0.0
44 e 13.387 36.048 0.0 -4.0 549.0 609.0 0.0
45 e 21.442 34.131 0.0 -8.0 470.0 530.0 0.0
46 e 4.515 24.464 0.0 -4.0 439.0 499.0 0.0
47 e 14.379 35.446 0.0 -9.0 545.0 605.0 0.0
48 e 17.381 24.472 0.0 -8.0 434.0 494.0 0.0
49 e 43.627 19.724 0.0 -7.0 57.0 117.0 0.0
50 e 0.062 49.145 0.0 -8.0 125.0 185.0 0.0
51 e 42.389 13.101 0.0 -8.0 173.0 233.0 0.0
52 e 6.799 22.468 0.0 -11.0 97.0 157.0 0.0
53 e 24.429 6.787 0.0 -17.0 439.0 499.0 0.0
54 e 44.972 41.699 0.0 -6.0 124.0 184.0 0.0
55 e 30.09 18.098 0.0 -11.0 527.0 587.0 0.0
56 e 17.571 39.599 0.0 -11.0 45.0 105.0 0.0
57 e 30.378 32.49 0.0 -5.0 58.0 118.0 0.0
58 e 20.594 9.692 0.0 -11.0 316.0 376.0 0.0
59 e 19.93 25.913 0.0 -5.0 428.0 488.0 0.0
60 e 5.808 45.172 0.0 -10.0 538.0 598.0 0.0
61 e 0.497 25.269 0.0 -13.0 517.0 577.0 0.0
62 e 43.952 38.259 0.0 0.0 320.0 380.0 0.0
63 e 13.843 16.968 0.0 -10.0 306.0 366.0 0.0
64 e 19.524 12.881 0.0 -15.0 99.0 159.0 0.0
65 e 30.948 13.248 0.0 -7.0 427.0 487.0 0.0
66 e 15.145 19.745 0.0 0.0 317.0 377.0 0.0
67 e 18.778 35.536 0.0 -6.0 555.0 615.0 0.0
68 e 47.436 7.99 0.0 -6.0 414.0 474.0 0.0
69 e 6.843 25.729 0.0 -9.0 582.0 642.0 0.0
70 e 17.743 42.465 0.0 -11.0 82.0 142.0 0.0
71 e 38.701 13.318 0.0 -5.0 143.0 203.0 0.0
72 e 20.898 8.813 0.0 -6.0 449.0 509.0 0.0
73 e 17.899 14.988 0.0 -9.0 585.0 645.0 0.0
74 e 7.783 1.6 0.0 -11.0 323.0 383.0 0.0
75 e 14.706 29.557 0.0 -6.0 298.0 358.0 0.0
76 e 47.452 6.841 0.0 -9.0 569.0 629.0 0.0
77 e 21.892 16.568 0.0 -8.0 496.0 556.0 0.0
78 e 6.678 47.045 0.0 -5.0 282.0 342.0 0.0
79 e 14.39 36.084 0.0 -5.0 318.0 378.0 0.0
80 e 5.202 48.16 0.0 -6.0 318.0 378.0 0.0
81 e 5.384 33.288 0.0 -12.0 596.0 656.0 0.0