Avion: 7      Iteracion: 63

Num Ruta: 52
Ingresos: 124800.0
Costos: 320.638213269
Utilidad Ruta: 124479.361787
Costo Reducido: 21.5667706673
Nodos: [107, 9, 54, 42, 3, 48, 23, 87, 26, 68, 71, 22, 67, 45, 90, 19, 8, 64, 53, 5, 50, 37, 82, 917]
q: [0.0, 11.0, -11.0, 5.0, 10.0, -10.0, 10.0, -5.0, 5.0, -10.0, -5.0, 10.0, -10.0, 11.0, -11.0, 7.0, 8.0, -7.0, -8.0, 12.0, -12.0, 15.0, -15.0, 0.0]
Q: [0.0, 11.0, 0.0, 5.0, 15.0, 5.0, 15.0, 10.0, 15.0, 5.0, 0.0, 10.0, 0.0, 11.0, 0.0, 7.0, 15.0, 8.0, 0.0, 12.0, 0.0, 15.0, 0.0, 0.0]
B: [0.0, 28.0, 57.5272370025, 239.0, 257.4606418632, 262.54492362172, 267.0, 304.0156388571, 310.91111744818, 330.59749022228, 333.66456260486, 347.29874325496, 369.05342939386003, 380.81610362216, 390.00772725458, 402.0, 425.1608815463, 443.1178409771, 446.04596016866, 469.0, 470.12168890518, 562.0, 582.7946534714999, 602.8663856587999]
