156
0 p 19.942 16.269 0.0 7.0 175.0 235.0 32.543
1 p 13.131 45.499 0.0 10.0 522.0 582.0 33.725
2 p 41.105 42.288 0.0 16.0 256.0 316.0 2.474
3 p 29.622 23.653 0.0 4.0 529.0 589.0 26.137
4 p 20.387 33.75 0.0 0 469.0 529.0 0
5 p 8.195 24.765 0.0 5.0 436.0 496.0 4.712
6 p 39.947 22.762 0.0 10.0 517.0 577.0 31.896
7 p 32.184 39.039 0.0 6.0 414.0 474.0 18.084
8 p 46.07 49.15 0.0 9.0 28.0 88.0 17.299
9 p 15.395 23.92 0.0 12.0 96.0 156.0 15.8
10 p 38.336 13.008 0.0 8.0 169.0 229.0 3.453
11 p 49.706 28.635 0.0 15.0 54.0 114.0 21.223
12 p 17.748 22.292 0.0 0 423.0 483.0 0
13 p 42.549 29.924 0.0 8.0 112.0 172.0 8.016
14 p 44.178 9.661 0.0 0 511.0 571.0 0
15 p 26.591 36.243 0.0 11.0 36.0 96.0 4.752
16 p 3.855 9.895 0.0 5.0 24.0 84.0 65.125
17 p 37.401 26.569 0.0 11.0 293.0 353.0 19.584
18 p 45.989 20.442 0.0 5.0 402.0 462.0 32.424
19 p 35.511 15.228 0.0 11.0 496.0 556.0 39.629
20 p 39.026 12.034 0.0 13.0 477.0 537.0 40.669
21 p 28.364 23.084 0.0 0 299.0 359.0 0
22 p 40.399 46.524 0.0 10.0 267.0 327.0 26.723
23 p 42.439 43.835 0.0 14.0 61.0 121.0 37.073
24 p 48.019 11.272 0.0 10.0 410.0 470.0 28.605
25 p 7.711 35.675 0.0 13.0 300.0 360.0 18.291
26 p 12.451 19.724 0.0 6.0 538.0 598.0 37.525
27 p 11.466 10.009 0.0 5.0 378.0 438.0 90.299
28 p 31.894 3.068 0.0 0 549.0 609.0 0
29 p 31.193 29.453 0.0 0 64.0 124.0 0
30 p 27.643 20.718 0.0 0 130.0 190.0 0
31 p 39.09 29.91 0.0 6.0 422.0 482.0 26.964
32 p 4.979 34.382 0.0 7.0 562.0 622.0 29.177
33 p 48.532 5.628 0.0 12.0 283.0 343.0 22.856
34 p 0.104 43.096 0.0 5.0 279.0 339.0 58.54
35 p 35.129 12.788 0.0 13.0 251.0 311.0 3.828
36 p 16.979 42.131 0.0 16.0 562.0 622.0 8.178
37 p 33.836 16.463 0.0 5.0 480.0 540.0 39.041
38 p 17.004 0.135 0.0 0 388.0 448.0 0
39 p 47.985 48.353 0.0 17.0 62.0 122.0 13.186
40 p 15.167 40.338 0.0 15.0 446.0 506.0 11.519
41 p 49.188 25.691 0.0 5.0 239.0 299.0 91.82
42 p 39.884 22.741 0.0 4.0 451.0 511.0 23.16
43 p 48.7 3.276 0.0 0 211.0 271.0 0
44 p 32.483 35.647 0.0 0 371.0 431.0 0
45 p 36.36 12.366 0.0 0 572.0 632.0 0
46 p 15.168 2.888 0.0 9.0 39.0 99.0 47.125
47 p 12.586 38.003 0.0 7.0 481.0 541.0 9.28
48 p 24.069 10.394 0.0 4.0 31.0 91.0 57.72
49 p 46.755 43.039 0.0 0 287.0 347.0 0
50 p 13.844 20.995 0.0 0 539.0 599.0 0
51 p 25.348 19.215 0.0 11.0 392.0 452.0 19.946
52 p 31.764 39.147 0.0 10.0 4.0 64.0 19.538
53 p 10.465 10.359 0.0 13.0 225.0 285.0 8.023
54 p 23.583 10.424 0.0 9.0 380.0 440.0 14.946
55 p 41.055 41.004 0.0 8.0 298.0 358.0 25.557
56 p 7.562 26.507 0.0 6.0 202.0 262.0 72.372
57 p 11.016 21.483 0.0 0 118.0 178.0 0
58 p 0.567 23.767 0.0 15.0 163.0 223.0 9.932
59 p 30.076 1.565 0.0 10.0 237.0 297.0 35.266
60 p 23.034 4.766 0.0 13.0 171.0 231.0 6.8
61 p 40.209 49.579 0.0 9.0 146.0 206.0 34.271
62 p 34.419 7.978 0.0 10.0 272.0 332.0 2.889
63 p 16.493 48.14 0.0 0 513.0 573.0 0
64 p 4.548 14.068 0.0 0 5.0 65.0 0
65 p 27.356 27.878 0.0 5.0 203.0 263.0 46.477
66 p 46.62 14.406 0.0 7.0 434.0 494.0 30.805
67 p 9.096 23.066 0.0 3.0 90.0 150.0 137.477
68 p 39.9 43.636 0.0 6.0 463.0 523.0 32.233
69 p 32.354 16.702 0.0 7.0 381.0 441.0 37.076
70 p 46.868 23.879 0.0 11.0 335.0 395.0 0.557
71 p 42.107 22.374 0.0 7.0 385.0 445.0 27.668
72 p 44.741 28.931 0.0 0 352.0 412.0 0
73 p 25.874 48.204 0.0 11.0 72.0 132.0 15.42
74 p 9.642 19.036 0.0 5.0 448.0 508.0 21.049
75 p 35.157 33.817 0 8.0 279.0 339.0 13.311
76 p 24.65 30.472 0 12.0 572.0 632.0 28.237
77 p 49.202 6.334 0 7.0 422.0 482.0 108.663
78 d 35.573 46.733 0.0 -7.0 209.0 269.0 0
79 d 36.158 11.897 0.0 -10.0 562.0 622.0 0
80 d 43.76 46.624 0.0 -16.0 261.0 321.0 0
81 d 13.387 36.048 0.0 -4.0 549.0 609.0 0
82 d 21.442 34.131 0.0 0 470.0 530.0 0
83 d 4.515 24.464 0.0 -5.0 439.0 499.0 0
84 d 14.379 35.446 0.0 -10 545.0 605.0 0
85 d 17.381 24.472 0.0 -6.0 434.0 494.0 0
86 d 43.627 19.724 0.0 -9.0 57.0 117.0 0
87 d 0.062 49.145 0.0 -12.0 125.0 185.0 0
88 d 42.389 13.101 0.0 -8.0 173.0 233.0 0
89 d 6.799 22.468 0.0 -15.0 97.0 157.0 0
90 d 24.429 6.787 0.0 0 439.0 499.0 0
91 d 44.972 41.699 0.0 -8.0 124.0 184.0 0
92 d 30.09 18.098 0.0 0 527.0 587.0 0
93 d 17.571 39.599 0.0 -11 45.0 105.0 0
94 d 30.378 32.49 0.0 -5.0 58.0 118.0 0
95 d 20.594 9.692 0.0 -11 316.0 376.0 0
96 d 19.93 25.913 0.0 -5.0 428.0 488.0 0
97 d 5.808 45.172 0.0 -11.0 538.0 598.0 0
98 d 0.497 25.269 0.0 -13 517.0 577.0 0
99 d 43.952 38.259 0.0 0 320.0 380.0 0
100 d 13.843 16.968 0.0 -10 306.0 366.0 0
101 d 19.524 12.881 0.0 -14 99.0 159.0 0
102 d 30.948 13.248 0.0 -10 427.0 487.0 0
103 d 15.145 19.745 0.0 -13 317.0 377.0 0
104 d 18.778 35.536 0.0 -6.0 555.0 615.0 0
105 d 47.436 7.99 0.0 -5.0 414.0 474.0 0
106 d 6.843 25.729 0.0 0 582.0 642.0 0
107 d 17.743 42.465 0.0 0 82.0 142.0 0
108 d 38.701 13.318 0.0 0 143.0 203.0 0
109 d 20.898 8.813 0.0 -6.0 449.0 509.0 0
110 d 17.899 14.988 0.0 -7.0 585.0 645.0 0
111 d 7.783 1.6 0.0 -12 323.0 383.0 0
112 d 14.706 29.557 0.0 -5.0 298.0 358.0 0
113 d 34.814 5.847 0.0 -13.0 257.0 317.0 0
114 d 37.222 46.889 0.0 -16.0 582.0 642.0 0
115 d 1.014 18.218 0.0 -5.0 512.0 572.0 0
116 d 14.534 22.632 0.0 0 410.0 470.0 0
117 d 16.238 41.08 0.0 -17.0 94.0 154.0 0
118 d 30.924 27.954 0.0 -15.0 466.0 526.0 0
119 d 3.751 41.32 0.0 -5.0 287.0 347.0 0
120 d 34.475 6.348 0.0 -4.0 468.0 528.0 0
121 d 19.697 48.835 0.0 0 265.0 325.0 0
122 d 40.315 30.836 0.0 0 380.0 440.0 0
123 d 46.562 26.698 0.0 0 589.0 649.0 0
124 d 23.704 40.859 0.0 -9.0 77.0 137.0 0
125 d 4.908 35.326 0.0 -7.0 489.0 549.0 0
126 d 9.956 27.345 0.0 -4.0 53.0 113.0 0
127 d 41.274 32.402 0.0 0 298.0 358.0 0
128 d 8.47 26.21 0.0 0 546.0 606.0 0
129 d 0.336 28.236 0.0 -11.0 418.0 478.0 0
130 d 3.781 19.768 0.0 -10.0 38.0 98.0 0
131 d 13.176 20.859 0.0 -13 235.0 295.0 0
132 d 37.276 16.622 0.0 -9.0 395.0 455.0 0
133 d 33.522 12.051 0.0 -8.0 327.0 387.0 0
134 d 35.081 26.777 0.0 -6.0 229.0 289.0 0
135 d 45.081 0.164 0.0 0 158.0 218.0 0
136 d 25.314 10.926 0.0 -15 190.0 250.0 0
137 d 19.756 40.5 0.0 -10.0 277.0 337.0 0
138 d 27.432 14.038 0.0 -13 181.0 241.0 0
139 d 47.045 16.717 0.0 -9.0 179.0 239.0 0
140 d 34.838 5.902 0.0 -10.0 274.0 334.0 0
141 d 35.569 40.26 0.0 0 533.0 593.0 0
142 d 26.571 6.113 0.0 0 28.0 88.0 0
143 d 40.105 32.122 0.0 -5.0 216.0 276.0 0
144 d 44.352 46.2 0.0 -7.0 465.0 525.0 0
145 d 45.488 17.073 0.0 -3.0 126.0 186.0 0
146 d 17.883 38.041 0.0 -6.0 485.0 545.0 0
147 d 12.691 46.422 0.0 -7.0 416.0 476.0 0
148 d 46.16 24.746 0.0 -11 336.0 396.0 0
149 d 24.902 6.513 0.0 -7.0 408.0 468.0 0
150 d 30.197 17.806 0.0 0 370.0 430.0 0
151 d 37.171 19.511 0.0 -11.0 102.0 162.0 0
152 d 7.565 26.344 0.0 -5.0 455.0 515.0 0
153 d 42.852 32.617 0 -8.0 286.0 346.0 0
154 d 23.022 12.894 0 -12.0 589.0 649.0 0
155 d 22.823 40.412 0 -7.0 465.0 525.0 0
