116
0 p 19.942 16.269 0.0 7.0 175.0 235.0 25.397
1 p 13.131 45.499 0.0 9.0 522.0 582.0 41.964
2 p 41.105 42.288 0.0 11.0 256.0 316.0 2.495
3 p 29.622 23.653 0.0 5.0 529.0 589.0 25.728
4 p 20.387 33.75 0.0 14.0 469.0 529.0 1.142
5 p 8.195 24.765 0.0 5.0 436.0 496.0 4.064
6 p 39.947 22.762 0.0 11.0 517.0 577.0 15.454
7 p 32.184 39.039 0.0 6.0 414.0 474.0 20.902
8 p 46.07 49.15 0.0 10.0 28.0 88.0 16.787
9 p 15.395 23.92 0.0 0.0 96.0 156.0 0.0
10 p 38.336 13.008 0.0 6.0 169.0 229.0 5.961
11 p 49.706 28.635 0.0 14.0 54.0 114.0 30.139
12 p 17.748 22.292 0.0 15.0 423.0 483.0 10.041
13 p 42.549 29.924 0.0 8.0 112.0 172.0 15.948
14 p 44.178 9.661 0.0 11.0 511.0 571.0 9.027
15 p 26.591 36.243 0.0 9.0 36.0 96.0 8.382
16 p 3.855 9.895 0.0 5.0 24.0 84.0 60.693
17 p 37.401 26.569 0.0 0.0 293.0 353.0 0.0
18 p 45.989 20.442 0.0 6.0 402.0 462.0 80.996
19 p 35.511 15.228 0.0 10.0 496.0 556.0 43.94
20 p 39.026 12.034 0.0 12.0 477.0 537.0 26.843
21 p 28.364 23.084 0.0 7.0 299.0 359.0 38.844
22 p 40.399 46.524 0.0 11.0 267.0 327.0 48.151
23 p 42.439 43.835 0.0 15.0 61.0 121.0 29.256
24 p 48.019 11.272 0.0 10.0 410.0 470.0 13.095
25 p 7.711 35.675 0.0 13.0 300.0 360.0 21.406
26 p 12.451 19.724 0.0 5.0 538.0 598.0 17.282
27 p 11.466 10.009 0.0 7.0 378.0 438.0 100.702
28 p 31.894 3.068 0.0 8.0 549.0 609.0 36.515
29 p 31.193 29.453 0.0 10.0 64.0 124.0 11.925
30 p 27.643 20.718 0.0 6.0 130.0 190.0 16.079
31 p 39.09 29.91 0.0 5.0 422.0 482.0 30.324
32 p 4.979 34.382 0.0 10.0 562.0 622.0 18.21
33 p 48.532 5.628 0.0 9.0 283.0 343.0 67.818
34 p 0.104 43.096 0.0 6.0 279.0 339.0 35.751
35 p 35.129 12.788 0.0 15.0 251.0 311.0 2.438
36 p 16.979 42.131 0.0 11.0 562.0 622.0 10.915
37 p 33.836 16.463 0.0 0.0 480.0 540.0 0.0
38 p 17.004 0.135 0.0 9.0 388.0 448.0 18.935
39 p 47.985 48.353 0.0 0.0 62.0 122.0 0.0
40 p 15.167 40.338 0.0 13.0 446.0 506.0 10.956
41 p 49.188 25.691 0.0 5.0 239.0 299.0 170.904
42 p 39.884 22.741 0.0 5.0 451.0 511.0 31.307
43 p 48.7 3.276 0.0 0.0 211.0 271.0 0.0
44 p 32.483 35.647 0.0 8.0 371.0 431.0 12.622
45 p 36.36 12.366 0.0 0.0 572.0 632.0 0.0
46 p 15.168 2.888 0.0 8.0 39.0 99.0 91.537
47 p 12.586 38.003 0.0 0.0 481.0 541.0 0.0
48 p 24.069 10.394 0.0 5.0 31.0 91.0 24.675
49 p 46.755 43.039 0.0 6.0 287.0 347.0 12.606
50 p 13.844 20.995 0.0 11.0 539.0 599.0 5.153
51 p 25.348 19.215 0.0 11.0 392.0 452.0 25.633
52 p 31.764 39.147 0.0 13.0 4.0 64.0 45.8
53 p 10.465 10.359 0.0 13.0 225.0 285.0 12.64
54 p 23.583 10.424 0.0 8.0 380.0 440.0 20.256
55 p 34.399 39.895 0.0 8.0 387.0 447.0 31.046
56 p 16.405 35.521 0.0 14.0 146.0 206.0 36.169
57 p 18.231 0.846 0.0 6.0 327.0 387.0 116.85
58 d 35.573 46.733 0.0 -7.0 209.0 269.0 0.0
59 d 36.158 11.897 0.0 -9.0 562.0 622.0 0.0
60 d 43.76 46.624 0.0 -11.0 261.0 321.0 0.0
61 d 13.387 36.048 0.0 -5.0 549.0 609.0 0.0
62 d 21.442 34.131 0.0 -14.0 470.0 530.0 0.0
63 d 4.515 24.464 0.0 -5.0 439.0 499.0 0.0
64 d 14.379 35.446 0.0 -11.0 545.0 605.0 0.0
65 d 17.381 24.472 0.0 -6.0 434.0 494.0 0.0
66 d 43.627 19.724 0.0 -10.0 57.0 117.0 0.0
67 d 0.062 49.145 0.0 0.0 125.0 185.0 0.0
68 d 42.389 13.101 0.0 -6.0 173.0 233.0 0.0
69 d 6.799 22.468 0.0 -14.0 97.0 157.0 0.0
70 d 24.429 6.787 0.0 -15.0 439.0 499.0 0.0
71 d 44.972 41.699 0.0 -8.0 124.0 184.0 0.0
72 d 30.09 18.098 0.0 -11.0 527.0 587.0 0.0
73 d 17.571 39.599 0.0 -9.0 45.0 105.0 0.0
74 d 30.378 32.49 0.0 -5.0 58.0 118.0 0.0
75 d 20.594 9.692 0.0 0.0 316.0 376.0 0.0
76 d 19.93 25.913 0.0 -6.0 428.0 488.0 0.0
77 d 5.808 45.172 0.0 -10.0 538.0 598.0 0.0
78 d 0.497 25.269 0.0 -12.0 517.0 577.0 0.0
79 d 43.952 38.259 0.0 -7.0 320.0 380.0 0.0
80 d 13.843 16.968 0.0 -11.0 306.0 366.0 0.0
81 d 19.524 12.881 0.0 -15.0 99.0 159.0 0.0
82 d 30.948 13.248 0.0 -10.0 427.0 487.0 0.0
83 d 15.145 19.745 0.0 -13.0 317.0 377.0 0.0
84 d 18.778 35.536 0.0 -5.0 555.0 615.0 0.0
85 d 47.436 7.99 0.0 -7.0 414.0 474.0 0.0
86 d 6.843 25.729 0.0 -8.0 582.0 642.0 0.0
87 d 17.743 42.465 0.0 -10.0 82.0 142.0 0.0
88 d 38.701 13.318 0.0 -6.0 143.0 203.0 0.0
89 d 20.898 8.813 0.0 -5.0 449.0 509.0 0.0
90 d 17.899 14.988 0.0 -10.0 585.0 645.0 0.0
91 d 7.783 1.6 0.0 -9.0 323.0 383.0 0.0
92 d 14.706 29.557 0.0 -6.0 298.0 358.0 0.0
93 d 34.814 5.847 0.0 -15.0 257.0 317.0 0.0
94 d 37.222 46.889 0.0 -11.0 582.0 642.0 0.0
95 d 1.014 18.218 0.0 0.0 512.0 572.0 0.0
96 d 14.534 22.632 0.0 -9.0 410.0 470.0 0.0
97 d 16.238 41.08 0.0 0.0 94.0 154.0 0.0
98 d 30.924 27.954 0.0 -13.0 466.0 526.0 0.0
99 d 3.751 41.32 0.0 -5.0 287.0 347.0 0.0
100 d 34.475 6.348 0.0 -5.0 468.0 528.0 0.0
101 d 19.697 48.835 0.0 0.0 265.0 325.0 0.0
102 d 40.315 30.836 0.0 -8.0 380.0 440.0 0.0
103 d 46.562 26.698 0.0 0.0 589.0 649.0 0.0
104 d 23.704 40.859 0.0 -8.0 77.0 137.0 0.0
105 d 4.908 35.326 0.0 0.0 489.0 549.0 0.0
106 d 9.956 27.345 0.0 -5.0 53.0 113.0 0.0
107 d 41.274 32.402 0.0 -6.0 298.0 358.0 0.0
108 d 8.47 26.21 0.0 -11.0 546.0 606.0 0.0
109 d 0.336 28.236 0.0 -11.0 418.0 478.0 0.0
110 d 3.781 19.768 0.0 -13.0 38.0 98.0 0.0
111 d 13.176 20.859 0.0 -13.0 235.0 295.0 0.0
112 d 37.276 16.622 0.0 -8.0 395.0 455.0 0.0
113 d 26.445 23.545 0.0 -8.0 405.0 465.0 0.0
114 d 35.419 9.595 0.0 -14.0 178.0 238.0 0.0
115 d 15.775 43.955 0.0 -6.0 370.0 430.0 0.0
